-1063.739424558 0.0
-922.939058894052 0.0
179.542052631692 0.0
1346.73535429476 0.0
-281.84306118922 0.0
-921.398209167539 0.0
215.259455624327 0.0
1058.71012136678 0.0
272.264658768742 0.0
528.418029955733 0.0
-260.802871970142 0.0
1346.93052837996 0.0
-1536.64869156293 0.0
-1567.34657613091 0.0
484.9625811075 0.0
1422.2738312756 0.0
876.880650446224 0.0
133.612544003128 0.0
-854.494202564526 0.0
-131.781411886645 0.0
-1944.19118387175 0.0
1093.89391071878 0.0
-675.798746560295 0.0
2208.13772010078 0.0
-389.490188774613 0.0
1123.01985277726 0.0
288.805690581198 0.0
-3214.14676580566 0.0
-2269.84105956652 0.0
-54.4625418278185 0.0
557.552148684262 0.0
599.845635551493 0.0
810.512356444226 0.0
-135.841525569573 0.0
-549.968825204593 0.0
1272.61910299359 0.0
-2217.07995656713 0.0
-476.564468508616 0.0
539.900380148288 0.0
132.01403424715 0.0
396.331839213328 0.0
904.531990935579 0.0
-2051.18797356639 0.0
1299.73804552146 0.0
-3.4924905435779 0.0
-981.34468922916 0.0
729.640416416286 0.0
177.857201081441 0.0
1171.96431088825 0.0
727.585480418275 0.0
579.052434267309 0.0
-55.3592376409547 0.0
-800.822000520145 0.0
-912.144781625091 0.0
984.810957798446 0.0
23.6828461425192 0.0
-257.889247066662 0.0
-722.157304888163 0.0
260.627243774442 0.0
-1273.17734325497 0.0
1675.53612701662 0.0
2377.52094901745 0.0
-326.403734682033 0.0
-568.806386715471 0.0
-494.374632457184 0.0
-1813.00498532884 0.0
-258.072034331501 0.0
-2113.32001243768 0.0
-78.920989233934 0.0
722.91422043512 0.0
1513.21414870899 0.0
1054.56355866491 0.0
-68.9429393728201 0.0
-2781.68607619455 0.0
614.795474106555 0.0
-1461.77615940158 0.0
-991.746156898535 0.0
-1930.30679294839 0.0
1515.4740631543 0.0
184.325327145887 0.0
-279.029496555828 0.0
614.72170563407 0.0
1670.9398751578 0.0
667.441296587657 0.0
1395.80846797032 0.0
949.323363664799 0.0
1000.38463287144 0.0
308.107720071013 0.0
-1256.49544520463 0.0
1831.18362135607 0.0
-894.840663533143 0.0
-388.040461580324 0.0
1389.8852906679 0.0
-301.799579562948 0.0
103.885800876215 0.0
-1403.16140019126 0.0
274.692209720603 0.0
359.603117570556 0.0
999.842122038486 0.0
2661.80949880263 0.0
1335.47049463333 0.0
358.010212546906 0.0
-2127.16604911191 0.0
-1401.90947202204 0.0
700.847257200441 0.0
143.269497046614 0.0
1056.37179472088 0.0
-1633.78991715566 0.0
1437.91409450616 0.0
-573.263874089167 0.0
-806.799699692241 0.0
467.838971844717 0.0
-181.702612838234 0.0
-1006.50057924326 0.0
1534.86601421254 0.0
-832.031449849854 0.0
1265.99376529806 0.0
-1294.71060135443 0.0
-727.537243903165 0.0
37.1204840340578 0.0
-902.127235728959 0.0
-890.685592235722 0.0
1182.99456162933 0.0
-189.330191064306 0.0
-2348.40681008506 0.0
614.18584978453 0.0
1264.28774826664 0.0
3009.93671837767 0.0
